0000001000101100111000011111101100110010100000110010000011110011
0001001000110111000000000111001001010100111101100010001000110100
0111111000010001111111110000000100001000001101001110010100000111
0011110111001111010001010101010001010101010101000101010011110000
0001000100010000000111000001000000111001100110001001010000010000
0111001110100010000000001000000001000000001000000000000000000010
0011001000110000000000010000000001001011100000000000000000000000
1110000011100000000000000000000000110010000000000000001000000000
0000000011011001100000000001110111101001001011111010100100000111
0000000100101011010101000100100101010001000000110101100001011000
0000010100000000111111110010111100000100000000000010010000001111
0000110000110000000011100000111000000111001100110100111100011111
0000001000110010111101011011100100000000100100100000000010100010
0001010000010000100110100100000001011100111110000110010111101000
0011110000001000010101000101000001000011010100000001110001000000
0010001000000100001000100100000000100010010000000010001000000000
1100010001000101110011010111110100000000000101010000000001110111
1000101110111101100011001000110010100100110110000000000000000100
1010101110100100111001000010010011011010000000000110010001000000
0011101100001100101001100101110110000010011101110101100001011111