1110111111101110010011010101101110011101001011110110010000110110
0100100000010000000010000000000000010101010001001100110101001101
1111111111111111111111111011111101111111111110111111111111101010
0111011110101011011001111010100011111111001110110111011101011010
0001010101000000001111110111011100010111110001110101110111011101
0100100001001000011011000100111100001100100010111111111110101110
0000110001011101001101101011011010111110010111011110111010101010
0011000000111111010101010111111100000101001110110101010100111111
0001000000000000000000000100110000000100000001111000000010001100
0000111100000111000001110000001100011011111011110000110110101111
0100010110000000011000001100000010000000110000000101011101001100
0011000011101111100010101111111101111010111101111111111001111111
1010000100001111000000010001100000100000011000010000000000000011
1001001110110000001010000000001010111111101100111111111000110100
0000000000010110111111111110101011100011100000000101011001111110
0000000001000000000010100000110010010111000000110001101000001111
0011011100110010101000110111111100110011001110110011000100100111
0011001100110011000100111110111100110010111101110011001111101111
0000000011111111101000110011001101111011101100111110111100100000
1111110011110100101110110011110111101000011111001001101110111100
0001110010001011110111011011111100001101100011110110110101110101
0111001111111111111111110011001111011011111011111111110111110111
1111101110111110111111111111111111110011111110111111111111111111
0001000000000000000100000111010100000001110100100000000001011110
1110101000111011011100010111110110110010011111101011101001101111
0000000001000000000010000000101100101010000010000000000010101010
0000010100000101000000010010100011001111111111011100110010001100
0000000000000100000000000001000001010101010000000101000101010101
1001100110001010111100011111101000111100011110101111000111011010
1101110101111111111111111111111101001111110111010111111111111111
0011000000110110001100110011001100000000001000110010000001100000
1101101111111011011111111111101011111011011101111011111111111110
0001000000110001010101010100000000011001000101011001000101010101
1010101010111011111111010111111111111010111110111111111111110110
0100010100000101000001000001010000010101000001010000010100110101
1111011100111111010101011101111111100011100101110100010000010101
0000110001001000000000011111100110001001011110011000010011111101
0000001001010101100111001001111011000000111111110001011101010101
0100110000110000000000000001000000001100000000001000010100000100
0101001101010111011101100101010001010011001100010001000100110001
1110000011100110100000001110000001000000111100000000000011110000
1111111111111111111111111111111111111111111111101111111111101101
1000100010000100101010101000000010101000010101001010000001100001
0011000010001101001000001100110010111110010000001000110000010001
0011010000101100001011000000100000001000000010000000010000001101
1101110111111000101011110010100011111111100110001110101010000001
1100000010110001010010001011000111100100111111110101101000100000
1111010000000000010001000000100011000000111100010100010000010000
0100010001011100010000010000000010101010111001001010101010001000
1001100101010000000110101000001111101111111100000000001010100010
1101101010011011111111111111111111111111111011111101111111111111
1101011100010101000101010010001001000100110000000101010000000000
1100111100001111000111000100100010010010000011110000010000000000
0100010001000100010001000100010000000000100000000000000000000000
1101110100101001000001010000100000000000000000010000000010001000
1111111010010000101011000000010001110000000011000000000000000000
0110000000100000000000000000000000000000000000000000000000000000
1000010011100000000000001000000010000000000000001000000000000010
0110110101001000001010110100110001010111010100000000001100000000
0001000100000101111111001011000001000101001001001100010001010000
1111001001110010000010000010001000110010001000000111110010100100
0000000010010100010001000001110110111010101010000000101010001010
1101111100000001000011010000000000010101000000010000010100000000
1110000011000010000000101010001000000101001000100100101100000001
0010010010000100010000101110001010100011110010001100110010101000
0000110000000010000001010100100010001100000000110000010000100010
0000000000000000000001100001000001000010000000000000000100000000
1100000011010000101000000010000000000000010000000010000010000000
0011100001010000000100010010000000010001000000000001000000000000
1111100110111001100001001000100111100000001000101010100001000000
0000011000001000100010001000000001010000010100001000000100001010
1010000000000100010111010000100000001000100001000100000000010100
1110001110001110011000111000010010111011111111111000100000000000
1010100001010101000001100101010101100010011010100100000011101000
0000000000100000000000011000001011000000100000001000000000000000
1111111111111111110110001000011011111111111111111110011001101110
0001000100000001010010010100000010000010000000110010000100000000
1100000010000101101110110000101110010001000110000100111100001001
1111001010101101111010100011100100101110111011011010100011101011
0000000001000000110011000010000000011000000000001011000000000000
1000110000000000000000000001100100000000010000000000001001011111
0000000100100000010010001000001000000010000010000000101110000010
1100110000101100000010010000000001000100000001000000000100000000
0000000100000000001000100000000000000000000000000010100000110010
1111001000100000101111111010000000111011011000000000110001000100
0100010000000101110000000000010101000110000011110100000101000001
0001111101111110000111110101111100011111001011110000011100001111
0011000000110111001111100101100011001000110111100111111100000101
0001100000001000000110000000110000000000000000000010000010101000
0001000000000000000100000000000000000000000000000100000100000001
0011101010110111011001010000000000000000110000110000000101000100
1010010111110101110101001101010010101010101010100011011000000100
1000000010001010000001001010101010010010010101111100010100101010
0010000000010001111010000110000100100001000101011100000010111011
0000101110101010000000000010001000010011001000010011011100101011
0000010000000100100010110000110100000101001010101010100010101010
0001001101101000010011101110000110100011001100111001010011100000
0000101000000111110010101110001110100010001100111010101000010011
1100000001011010010100000001001010001111101100011100010001010001
0000000000001000000010000000001000000001000100010000000101000111
0011101000110010011101001111110000000000000011110000111100001111
0000000011100011101001111001010111000110110111010011011011000000
0000100000000000010101000000000000000000000000101101000000000100
0001101100000100100010101000100000000110100010000110011010101010
0000101110000010100100011011100111101000011000001110011101001001
0011000110110000011101011000111100101100111101110000110111001101
0101111101100110000011001010111001110011010011000011111000101011
0001000000000000000000100100000100011001000000011101000001011001
1100011100110100010000000011011111111100000100000001010000001000
0011001001000101001100110000000010000101001111010100011101111101
1001000001010111000000000100010100000000111111111100000011111111
0010100111110010000000100010001111010001110010010001001011011000
0000010111001100110011000010110000110000001001001000111100001111
0000100010000000000000010000100100000100000001010000010001010101
1110000111111000000000001101000010110100101011101111000011110100
0000001000100001001110101001001011000011111001110001100001111111
1111010000000000000000010000000001110000000000000000011100000000
1001011100100101101000000011001010100001010100110001000110110111
0001000000000000111100001000000000101010000010000000000001100010
0101010001110101000010010010011101110101000000001000011000110011
1000101000000010010110101100101001000001000000010100100011000000
0101000010100000000010100000000000010000010100010000100000000000
1111111001000110111011111100111110111100010011011011000000000000
1011111111011111110111101111011111111111010111011100010111110110
0000001010101001100010000010001000010000101110000000000000110000
0101010101010001010100010101000101010101000001001101110101000000
0010100010001000010100001010010000011001100010000100011011101100
0000010100000010011101000001100000000010000000000010100010000001
1110000110111111011100011111100011111000101100101111001111101110
0100010101100000000000000100000001010001111000000001000011101010
1101110111111100111011000111000011111101111101001010101010101000
1010000001111111010000000000000001000000000000011100000000000000
0010011000000111100011100011001000010100000100000101001000100000
1101100010000000011110000011111011001000000001000110111010001100
1100100010011000110100011100111111001010000000101100000011000101
0000011100000000000001010000000000000000101010000000000010001000
0000001100000000000100111111110000011011100000001000000011101101
1110011000000000000101100000000001000100010101010000000001010100
0110001011110110101010001110001010000000000000001100100010001100
1000100010001000000000000010000000000001100000000000000000000000
1111101110001000111111101101010001111110101111011100000001100000
0001100000000000000000000000000000111100000100000010000000000000
0000001000000001000000000010001000001001100010010000000010000000
0000000001000100000000000000010000000000000100000000100000100000
1110111001000100111111110110010011111110000000001111001010000000
1000101000000000000010100000000000001000100000000000000000000000
1000000111110101000000001111010010001100000000000000000011001100
0000001000001001111011001100000000001111000011111100110000001111
0011000100110100011011010111100100100000001101100001000000100011
1010101001011110011100100101000000100010010100000101000000000100
1111111110001010111111111010101011111001001010100100010100000000
1011010001110000001100010001000000100000110000000000100000100000
1111010111101010110111011000100011111111110000001110111100001000
1011001100100000001000100000001000000011010101000000001001110100
1111011111101110111000101100001010011011101010101000100010001000
1101010111000101111010001100000001000101010001011110000110000000
0010100000000000001100110011000000001000000000000011010000110000
0011000011111011111101000011111100001010111110101100100010111011
0000111001101010000010100010001010101100010000000000010010010001
0000000000000011000001010000000010000000000000000000100000000000
1110110011110110000011110001101111001111100010111100000000000011
0000011101000111000010111101111101110011111100011101110111110001
0000001000001000011011001000100000000001000000010001001000110011
1100100000000000110010010000000010001101000000001000110000000010
0000100000101000111011010000001010000000000001001100110000000001
1111111111011111111111111111111111111111111111111110110011101100
0000000000000011000000000000000000000000000000000000001100000000
1111010000110001101101000000001011110011001110111101001100011010
0000010100000000000001010011000100100000001100000000001000100000
0000000000000000000000000000000000000000000000000000000000000000
0000000000000000000000000000000000000000000000100000000011000000
0110101010101111101000100000100010100001000100010110000001010001
1111111011001110111111111101111111111111111111111111111111011110
1011101111010110100011101000010011111111000001000000111100001111
0000111000000000000000000000010001001000001000000000100000001000
0000010010011101100111011011011110111110111111111011010110111111
1111100101000111101111110000000110001110000100001111111001100000
0000000110111111000001111111111100000010101010110011000011101010
1001101100000000000000110000001000000000000000001010000000010000
0000000000000000000000000001000000000000000000000000000000000000
0000000000000000000000000000000000000000000000000000000000000000
1011011111111111101101001110111111100111110111001111111111101000
0111101100010001001000100010011111101101111011110010101011101111
0101101111111111111111011111111111111111111111011111111111111111
0001101111111100110111110100111100111110111111111000101011011111
1110111100111111111111111111111111110111111111111110111110111111
0000000000001000100000000000000000000000000000001000000000000000
0100010000000010000000000000100000000000000000000000000000000000
0000000000000000100000000000000000000000000000000000000000000000
1100000001001100110000010100010000000000000010000100100000000100
0000000010100000111001111100001000001000001101011010001111110111
1110110011111001010111111111111111101011011111110101110011111111
0011001111111011111110111111101100110111111111111111111111111111
1011000110110001111100001110000011110000100000011110100011110000
0101000000000000001000001100000011010001011110010001000111011001
0000000000000000000000000000000000000000000000000000000000000000
1111000111110100101101011111110111111110110101111111100111110111
1111111111111111111111111111111111111111111111111111111111111111
0000000000000000000000010000000000000000000000000000000000000000
0000000000000000000000000000000000000000000001100000000000100000