1001001000010010010111110011001100101011100100000001000100111000
0100010001100110000000000110010001011111011101000110110011011111
0011001101011100000000001101110111111100111111010000000000001010
0000001011010100101010101010001001001100110110111010001011110110
0101101100001010000100000101101000000110000000100000010000000000
0001110100000000111111111000100101010000100001010100010010001000
0000111000000000000011101000000000110000100100001000000011001000
0101001100101100101010001000110001101010000110100000100000001000
0000000000001010000000001101100011111111001111010000101101011010
0100000100110000000011010110100001110110001111000011001101100010
0001110100000010000010010000000000001101100011110010011111011111
0000000000100111000010000000110110111110100001111000111010100111
0000000000010101111111001101110000000000001000000100110001000000
1110101010001000000000000000000000110000110100000111000001010000
0100010110001100010000000000100000010101011000000111000100101010
0000101011100101001000100010000000001110111011101101011100100000
1010000000100001101000010001010110110010001000011010111000010101
0100011101001111101000100100101100000000110011111001000011000010
1010001100000010000101000000010110101111111100110000100000010001
0010000000100000000000100000001011101111001000101100011100000011