1101011000001100101000101000101110101101010001010100110110101000
1111000011111000010110111011111011000000101111000100010010111110
0001110010001100110100101101110100110110000100011111011001010100
0011111111110110110010111010001000001111101001110000111110101010
1011000100110011001000000010000001000000000010000000000100000000
0010101000010000001000100011000001100010101000101010001000000010
0100010000000000000000000000001001000100000000000000000000000010
0111001001110010010000100000000001001000010000000100000000001100
0000001100000001000010111000011100100010100000000000001110001111
0100000000000000000001010000000001000011100000001010000010101111
1110111001011111000010000100011110001010000010100000111101001110
0000000000110110000000011101000001100000111111011110111100010111
0000101100100001000000110000011100001111110100000000001010100000
0000111000000011000011110000010000010001100101000100000001000100
0101100011011000000110100101011101010000010101001100100001000100
0011001000000000000000001000000000110000000000000000000011010100
1011111011000100101100111111001011110110111100000011011111110001
1010101011001111100110101010111100100000011001010000000110100101
0010010001001111001110101100110000100010000000100010001000010111
1111011110111111011110110101010100000000010101110100111100010111