0001111100100111100011101000111100001101000000010010101110101101
0111111110011111111111111110111101101111111111111111111110111110
1001010110110011110100011110101010000100001100111010110101111011
1010110101110000101011111111001011110111100100111010101111100110
1001101110011110110111101001001111011110111011101101101011101111
0001000001100100001100100010010011101111110011110011111110001101
0000111011001111001000001100100011011111100111110101010001000101
0010100000101100001000000111110000101000111111010001010001101100
1101111101010101111111111111111100000101000100011111011100110011
0000000000000000010011001000110101001000000001010000010000000101
0001001000001110101000001011010001010000110011111010100011110000
0000000000100100000000010000000010001101000011110000110110100101
0001100001011011011010110011100101110011010111110011100100111110
0000111100011011010100010111011011101111000001100100011100000100
1110011011100110001111000011010001011010111111010001010011110100
0101010000001101100111011100111101111110000011100110111010101110
0011000011010010001000011101011001101010110110010010100011010011
0010000111101100000000001110010001000101011011110100110010001111
0000000001110111000100110010011110100111101101111111001111110111
0000111100000111000101110101110001011111001111110111111111010100
1110111111111111111110111011111101111101101011010010111111011110
0111011111110101001101010011001101110000011101100110001011000110
0101011111011111010011110100101101010011011111110100110111111011
0110110100101101000000001010101001111111001111011100001100101010
0001100000110011110000001110011100000001001100010100010001100100
1111111111111111010100001111101111111101111111111111111111111111
0000000011001100110000011101110100100000001000000000000001010100
0101000001010000010011011101100100011100000101011100110011001101
0011110001111111001000000011111111110011101111111010000011001100
1011111110111110001011110011111110101111110111111110111111111111
0010000000101010110001010000000000000010001010001010111000001000
0000011110111110100011111010010000010100111000000011000001000000
1010111100111011011111100000100011001100011011111001010000001000
1001010000001101010001000001110000010000000000001110100010000000
0001110100001001000100010000100111001001100000000001100010001001
0000100000001000000100000000000011111100110000001100000000000000
0000010000000000010011101000101111010000100010001101110010000011
0101111011001110011000001110101010000011111001000000100010101010
0100000100000000000100000000000011110000101000100100000010000000
1111011101110000000010001001000011111100111100000000000010001000
0111010111001111111111010101010100010000100010000111000011010100
1101000100010101001000000000011110100000111011101100000011100100
1001101010000000010001000110011010001001000100010100010000000000
1010110010100010101000000110001010110010101000101110011011110010
1111111111111100001111110001000111110101110100001111001000010000
0001100001001100010000010111001010101101001010101011111110001000
1000100010001000000000000000000010001100100010000000000000000010
1010000011010000000000010100000010100000110000001100000000000000
1111000010000000111111110100000000001001000000001100111011010000
1010111110001111101011100001101111001010010110111010100010000000
1111110000100100111100001010000101010101000000001100110010100000
0100010010111111000100010100100011010000101000101101100000001000
1010111010000001001001001100000000100000000000000000000000000000
1010000011110100000100001100100011100000000000000110100000001001
0010110100111101000011010000111100000001000000000000000101000010
1111111110101000111111011010100000011111101010010101010100100000
1111111111000010111011101011101000011101010010101000100010101000
1100111011001000100011000000011010001010010000001000100000101000
1010101011100000101000001011000011100100000011100000000010100000
1010001011100001101010100010100011000100000000000110010000000000
1000010000000000000000000000011010001101100010100100110100000000
1000000110010001011011110000000101110101010100001111000101110001
1110000010001010000000100011001010110010101010111000001000110111
0000000000100000100000000000001110100100110011101111001111100011
0111011100010111001100110111001100110011010111110001001101010001
0001000011011000100010001010000000110010010110101001100000010000
0000100000000000000000001000001001110000011101110011000000111111
0100010101000101111001001110010100110010101010001100000011010000
1000000100000000000000000001001011000000101000001011000000100000
0010001001100010101000101011001000000000110001010101111100000001
0000111000000101000010100001111100000101000100010100000101010001
0101010100000000000000000100000000010101111011110000000000100000
1100000000000010110010000000110101010001000001010100101000001111
1100010111110000010000011110000011001111001100000100000110011101
0001101001011011010011010000110100000001110101110000000001111101
0100010010101010101111101010101001110100011100101110001000011100
0000100100010101000000010001010100001000000011010000000000010001
1000100000000000110011001100011110101000000000001101101011000001
1001111100010011010110000001001110001011100000111000010010010011
0101100000011100101001110010101011100010000000001100111111001000
1100100100000010000100000000000010101111000000111100100101001100
0000000010001010000100110101001110001000100010101000100100001001
0010111000000010000000000001001100000000000000000001010111010111
1011110110101100000100010011001110011110110111101101010001010000
1001000000000001000000110111110111000000111100110000010010010111
0001100111111100000110010011010000101101000001001001010000100100
0001110010010100011100110000010100000010001000000000001100001011
0110101000000000000101001001010100110010110010110101001000010000
0011001001111000001110000001000000001000100100110011001100011001
0000000000000101001011100000000000101000000101011010101011100001
1110111111000110111011111110111111111010101010101010010011101010
1100101000000000001010100100001011000000100101011101000011010101
0000000011010010111110100000010011101110111001101010101000010000
0011011110100000110000000101001000000100000000000001000001111010
0010000100000000000000100010001011101010110011100000000011000000
0101000101010001000110010001011101000111010000111000101001000010
1111011011111111000000000000001000000000000000000000000000000000
0001010010111011000001011010100000000000100010100100000010001000
0100000001000100000000000100101010110000100000001111000010000100
1000100110000101000000110001111100100100011000100010110001101110
1101100010101010100000011111110100101111000010101011000100000000
1110101010110010001010101010000001100010101100000000001000000000
0000010000011101000000011100110110000000010010011000000100001000
0000000011011100000001000000010011001100011111000000010000010000
1001011100100000111011100010101000100001100100101110110010100010
0010011010100010111010000010011001011111000001010000110010000100
0000101000001000110100011101000110000000101000001001000000000000
1101010101100101010000000000010000000000000000000100000000001000
0100011000101000110101011000110100001000000000001010000000100000
0000000010000000000000000101000000000001000000001010101000000010
1100010000000100100001011000000011100000101000001110110010100100
1000111000001010100000001100000000000000000000001000000010100001
1000010100100001100000010000000000000111000001010000111100001101
1111111111101111111111111111110011111110101010001111110111111100
0001001010000000000000000000100000000000110100100000000011001000
1001001000000011000011101000111000000000010000111000101000001101
1010000100001010010110000010101001011101010111001100000010001000
1111011110011111100100001001000000000000000000000000000000010000
1101000001010101010100000101000100010000000000000101000000110000
1111011011110010011011110101001011111010111100110000000000000000
0000000000010000011000001000000000000000010000000000000000000100
1111111111111111101111111110111100111011111111110011001011100010
0000001001100000100000100000000000001010001111111111100011111111
1011111110111111111111111111111111111111111111111111111011111111
1000111111111111101001111111111111011011111111111010110111111111
1010101001001000101000000010000011101101111111010010111000101111
0000111100000000000001010000010100000000100000010001000000010001
1111111101111111111110111111111101111101111011110111111111111111
0111001111110100000000011111110100000000000000000101100110001111
0000000000000000000000001000000000000000000000000000010100000100
0000010000000000000000000000000001000000000000000000000001000000
1100111111000100110011010110001111011111000011001000111100101010
0100010001000100000000000000000011000100110001001000001110110111
0010111011111111111011001111111111111111010111111110111111111111
0000000000000000001101000111100000001010000000110001000100000000
1110100100000000000000010000000010010000000000000000001000000000
1110000100100000001000000010000011100001001000000010010100010000
0011000110101111101100100000111100110011000101110010001000100100
1111111010011011100010010000000001011100110110111000111010101010
0010001000110111000000000001000100010000110101011000000011010000
1011101110101110111111001010100101101010001100000000101001110001
0111000011001100011111000101111101000100110011110100010000101000
1011001011110110101101001100110011010101111111000111111111001100
0000000000100010000000000000000001000000000100000001000100011000
1100110010111001000011001001010111100110000110011000001100110001
0001101100011010100001100001000100000011000100111000001101101011
1010100010111011101010001011001100110000000000101000000000100000
1000100000100001111010100000000010111011101000111100101010101100
0100000011010000001101001110111000000100000001010000010000000111
0001001001000011000000000101111101010101010111010000010111010101