0000110100010100010001100101000100001101010101001011010101110000
0111110101110110001100101100110011000010111011110000000011001100
0010111101110011000010111111110011110000111110001100000011111001
0100011000000000011000000010001100000000001100000000000001000011
0000001111111011010011001111101111111010000011101111001111111100
1101110011110110011100010000100011101111111111111111010001001000
1111111111111110101110010000000011111111011100111111111100000111
0100010100010101011100001111111110110101111101011111011111111011
0110110101100101000110010111111010110010111100111011001011111111
0000000000000100000000000000000000110000000001001111011000110001
1111111111111111011101111011111111111111111111111111111111111011
0101000011010011011110011111111110111101111000111101001000110101
0111001110111010000101111101110111111111001100111111100110110011
1111001111110011001100111110101101111111101101110101101111101111
1011111111010110100111010010111110100010111110010011111000110101
0011101010110010100111011010000100001110101101001000100111111000
0011000000000000111101101111010101011110001100001111111111100111
0000111000100100001010001010101000101100011011001000001010100010
1000100011100000110010101110101010110000111110110010000011111110
0011111100111001001101100011001000110100110011001000001101111000
1000110000000100101000000000101010101000101010101000101010101010
1110010111110101101101011000111111111111110111111111111110101101
0100000100010011101111110101011110000000100000001100000010101000
0000001100100100001100001111100011101011111011110111100011111111
0101101101011010011110011111110100000000011010001011000110110010
1011010111001110111101110111110111111111001111111111111011111110
0000000100000000000110000101000011110010111100001111111111011111
1100001100000001111100110000000001010111110100011111001100100111
0000010000100110011010110010110000010100000101000111011101111100
1001000000010001100010000001000000001111000011110100111001001110
0101101101011111101110110111100101111111010101010000111001010101
0011111111111000011101111111110111111111111111111111111110000100
0101010101100101001010100010100001110101001001010000111101000011
0001000001110100101010100000101001010000010101010010101001011000
0011011100001011111100011011010100000111001111111001010110101111
0010111000001111011001100010000010001101101011100000001001011111
0001111101111011100011011111111011100101101111011111111111111111
1101101111111110101110111011101111111111111011111010111011101110
1111010101010000010000100101101011111011111111000000001001011010
0000000100110011011111110011001101011111000111110111111110111111
1111111110100110000011001000010010111000100000001101000001100000
0110011100000100111001100000110000100010110001101111001011001010
1100010011100011100000011000110111111101010100001000000111000001
0100100000101010000010001110101000011101101010100000010001100000
1111111111111111111111011111111111111111111011111111111011111010
0000100000111000001101001110000000001000000010000000110000010001
0101001000101000111101000110010001111010010000111111010000100000
0101001010000000010001000100000001000110000000000100110000000000
0010111010101110010111010000000000101010101100000000101010110000
1101110011001011110011001100110011010100000110000000111000111000
0100110100001110000010000101110001001101000000000010000010110000
0010000000000000001000000000001000100000000000000000000000000000
1111110100001100110011000100110001011101010000001000000000000000
1101111110000000111101000000000011011111000100001111111101000010
1110101011011001101010001000101011001100110101001001010000101000
1110111010001010011011000001100010100000001000000000000000000000
0000001001100000010101010101000000110000111010110101010111001000
0001001100000000000000000000000110000000000000001101110010001100
1111111011111111110111011111111011111111111111111011111111111111
1110010011110000000000100110010000100000001000000010000000100100
1100111111111110111011111111011111111111111111111111110111111111
1111010010111011101100000100010100000010110000011111000011100011
0011110001110011001100100011001011110010001100100010001000100000
1010000000100100001100000010010000000110000000000010000000000101
0010110000000000111000101100000000101010001000000000010011000000
0111111101111000110110101111100011101110111010001111000001110000
1000100010100100000001001101000010101010000010100000000001000000
0000000000100000000000000000001000000000100000000000000000000001
1010111101011110101110010011100010100000010110101000001010111010
1111101100100000111100110010000100000000000100001001000000010000
1111111111100000111110100011000011111111110100001111111000100000
0101011100011011000010100000101000000101010100001110100011110010
0101010010001000111001000110000001010010011011100010000000000000
0001000001111101000000000000100000000000000000000000000000001000
1000100000000000100000000000000011111111000100011101010110010000
1100000000001110000010001000110000000000100010101000000010001000
0000010011110000001010000010000000001110000111101110101011111000
0010001010110010000100001111001000000000010000000100000001000000
0000111101001100000100000110000000001010000010000011001010001000
1111001010110000100011111100100010100000111011101000111001001011
0111000100110000011010001010000100111000100000000000011110010100
0010011100100011000011001011001000000000001100010000000000100011
0010011000101010000011010000010010101010001000001101010011010101
0001011000100100101000100000000001000101111110110100100010000000
1010110001100100100011000110010100000000111011001000110000001010
0000000000000000110000000000000001100000000000001010011100000101
1000000000010010000000000000000000000000000010010000000100000001
0010100100000000000000100101111101000001000000000001010000000000
1011100100000000100110000000000001000000000001000110000000001100
0110000000110000111010011000000001000011001101000100101000000100
0000110101001100100000100100110000011110000011000000111100011101
1000111000010011100011110000111100000000000100000000000000101001
0100000101000000010010000100000010000001000011101000000100000101
1001101010010101000001100000001110010000110010010010011100101111
1001001001110000001100000011000010110010111110001111111111111101
0100100100001111100100001100101100000000000010001000101110001000
0010010100000001001111111111111110110001100000000001001100011011
0001100000010111100001110000001111000000111000001000001001100011
0000000000001000000000000000111010000000100101010001110110101100
1010011001010000101000100000001000110100001110010111101001011010
1100010000100101101010110001000001000010001100010010111000010000
0010111010011111000010101001110101000100101000010101010111111101
0001110011001010000011001101110010100100111011001000010011001100
0101010101001101011011110000011100001110110101111101011101111111
0000100100000001000100000000000000100101000101011101000111010100
0100000100010011000001011001000001011110010001000000111001110111
0100001111000100100111110000110001111111001100110000111000000111
0001000011010000100001000000010000010001110100000110110010000000
1111000001001001111000000000100110110100001000001111000010100001
0100010000101011011111010101111010101010000001100001010000000100
0000000101000001000100000111001101010111111101110010001110110000
0000000000110001000010100000001100010000010010110010100000010001
0100111101001111010001010000001011001000000001000100001100001110
1000100101001101000000000000010001000101000001010000000000000111
0010001100010011111010110111001001010100000101010000000000000000
0000100100001000110010010011000110101101001011010110110100110001
1111111110001110110010001111011111100110110000000011011010001110
0011111100111111101110110111001100001111101111101010100111110000
0000100001000100001110110001000010101111101100010010111000000001
1101000111110101011010000101011000100001100000100100010111100110
0111100011110000011100011111001111001100110101000011100000010000
1010000000000000000000111000100010111110100001101111000000001010
1101010110000001010110001000111011110111101100101111111001111010
1111100010100001110001001100010011111010001100100000000010000001
0010101010001000001010001011000100111011000000000100000000010000
1101101101001000001010000010000000001111010000010010100000000000
1000000100000000101110111000000000100001000000100000001000100000
1011111110101110101010101010101011001101101010011100111110101000
0101000101000001000000000001000001000000000001010000000000000010
1111100011011000101000111100110010011110111101001010101110000100
0100010000100010010001000000001000000001000000010000000100000001
0010100100010100100001011000000010000011111000001000010110100000
0000011100000000000000111100101111000010010100000000010000000000
1111100100001011101010001010101010100010101000101010000010101010
0100010100000000000000001000110111011010101111110001000000001111
1111111111111010111111111111111111111101111110111111111101111111
1010000000110100101010100010000010110010010110110010100000000000
1101101001111111111111100110110011100111111011001101111110001000
0101000001010000000000000001000001010010010100000000001000000000
1111111101110100111111101100010011110001111111101111110011110101
1000110000000100010000000000000010001111000011000000010010101000
1110111011111110111111111110100111111010101111111011101010111010
1100110000111111000000000011001100111100001110000010100010111000
0000101010011110000011100001010000010100011100000000110000000100
1101111111111111111111011111111011111101111010111111110101111100
0000000011110000011001001011000100100000010110000001100010000011
0100010011001100010001011100010001000001000000011001000000011000
0100001111011101010000011111100011001100110011001000100011001000
0000011100000000000000010000011010001101110101001100100011111000
1001000110001111100011000000010111010100101001011001000000000111
0010111000000000000000010000000000000000000000010000001000000000
1010100011000000000000001110011100000100000000000000000001000001
0100010000000110010100001010011001001110000001001001101010010000
1111111111110011101001110000011111011010010010001110110000000010
0000110100001101000000010100100000001111000011010000010100000101
0010001001100010010010000111001001000000010111001101000001011001
0100110111111100010101111110000110101011111000001000001011000100
1110000101001000010100001100000100000010000010110100000011100000
1010100010101000101111111110110011001100110111000000000000000000
0011000000001110000010100000111101000000000101100010111000000110
1111111101110111111111111111110111111111111111111111111111111111
1010111101110111101111110111111111111101111111111111111111111111
0011101000001001000000100000011011001011100011010000000100000011
1111111111111111111110111111111111111101111111111111111111001011
1111111111111101110111111111111101111111110111011111111111111111
1111111111111100111011001110111011111110111111111111111010110110
0000100000101110101011001010111100000001010111110000000001011111
1010110010100000100010001010001011101111101011111010101111101111
1111111111101111111111111111111111111111111111111111111111101111
0011000010111111111000001111011111001100101111111011111110111011
1110111111101111001111001011011100101010101010000111101000100011
0111111111111111011111111111111101111111111111111111011111111111
0000000000000000100000000000000000000100110000000000000000010000
1011010011111111101111111111111111101110111110111011111011111111
0001000111111111000100000001000001011101110111011011000011110010
1111001101100010011100011111010100110111001100100010000010100000
0000000000000000000000000000000000000000000000000000000000000000
0100000111101111110101111111011111111111111111001111010011111101
1111101110101011110011111010111111010110111000110111110011111111
1000001010001000100000001110001000000000100000000000000010000010
0000000001001010000000001010101000000000010100000000000001000010
0000110000000100010111110011110111010010000010001111010111000101
0001000000000010001101010010010000000000000000000000010010000000
0010000000000000000000000000000000000000000000000000000000000000
1111110100100011100100110001001100111011001100010011100001000011
0000000000000000000000000000000000000000000000010000000000000101
1000000000000000000000000000000000000000000000000000000000000000
0010000000000000000000000000000000000000000000000010000000000000
1011111101111111100100110101111111011111111111111101111111011011
0000000000101000000000001000000000000000000000000001010100000000
0000000000000000000000000001100000000000001000100000000000010000
1101111111101101110000101110110111111111111111111100001111111111
0000000000000000000000000000000000010000000000000001000000000000
1111000001110000111100000010000011111100001110111011000001101010
0001000101110111000000010010010010000010000100100000000000000000
0000000000000000000000000000000000000000000100000000000000000000
0001000100001100000101000000000000010001001101000100000001000000
0011001000000000111111111111110000000100010001110000110011011101
0000000000000000000000000000000000000010100000000000000000010000
1111111111111011011011111101111110000000001101100000100000000010