0100011101010100000100110011001001000100111011111111000110101111
0001011010110111000001110111001110100010111101111011000011000011
0010001101010000110101110111010111110011001100110111001001011000
1110100100111110001111100011101011111011110111111011111011110011
0000110111001101110111011100010100001101000000001100010110111101
0000001011111111000101011111110100000001110101000001000101111101
0001010100000001001111111001011100000111010001011111111111111100
1111111111111111101110010010100000010011000111110000000000010011
0111000001010011011000100101000001110011111110110101101011110000
0000010001001100001000100101000001111111010111001010001011110011
0000110100001101110011000000010000111111011001111011111101001100
0111011000000000010101010001110111111110111100001101111111110101
0100000000000110010011001111110000001110001010001100100001111000
0000011100101111000101110010111000000111101011100010001100000000
1011111110101110011010000110101100110011001010100100000000100010
0000111101010111100011110000010100011111010011000010111000000110
0100001101000111111111111010100001001111110001010101110110011000
1100111111010001110010011111110100111011101111011011001100110000
0100101111001101000010101010111111101110110111111010111011111111
0101110011101011010100011110111011101111111010111101000111111110
0111001110010010000011001100111011000000100110000000010000000100
1100000011000001001010011000100111110000100011001110000010101000
1101100000110000000111000011000000000000000000100000000000000000
1011101110101010110111010101000000010001000000000101000100110000
1011101001110110001100000110010001111000100000101010010000101010
1000000001100001000001001110010110100010000000001010000001100000
0011000001000000111110000100110000110000010000000010000011101100
1001011010100011110010001000110001110000100000000010110100000000
1111111000001000100011100000010000100010100010001010101000100010
1001100011100000111110100000000010100000000101001110001010000000
0000000001010100110101011111000000000000001000110000001010000000
0000000111011011010011000000101011000000001000000011110000101010
0110000000100101001010100000100000100000101101011111100011101100
0001000000110010101110101000000000000000000010000000100000000000
1011110000001100001011010001000010001100000001001100010100010100
1100000000000000000000100110010100100011000001100011001101000000
0000010101001000000101000100000010101000100011001000000011000000
1101010011000100010000001101100000000010110100101000101011011000
1010000100000000110000100010000010111010101110100010010100100000
1111110111101000001011000110110001100100110010100000000000101000
0100001100000010110001110000001011000101110011111000101011001001
0010010010000100000101011010010000110010000101110000000010000101
0011010000100101010010000000011000000001001100000000000010001010
0111000001000100000001100000000000000000111010001100100011110000
0011101100110100000010000110000010001000001010011111000011011000
0000010111010000001001101000001000000100010000011100010111010001
1101010001010000000000111100011111010011010000010000000010000000
0101001001110011011000000001100100001100100011000000101010010010
1000101010001011000001001010101100001000000000000100100011010111
1100110011110000100011001000000010001011000001110000001000000111
1001001010010001101010011001101010110111100101010000000000001010
0001010000010110001111100001000000110001000000001001110100000000
0011000101101111001101001010000000000001000001110001110010110000
0001000000000000111100010000000000000001010000000000001100000000
0001001100001100000010100010110111011001000100111100101001000000
0000001000000010000000000000000011110010101110110101100110111111
0111001100010000001110100111011100111011000010000010100000001011
0111010100110000111001001111010001011000010100000101000011110001
0010010001000100100011001100010000001100010011101000110011001100
0010001110101101000000000000000000010111010011010000010000000001
0000101100000000100000000000000001010100111111101000111000100010
1000110000000010111111110000010011001000000000000011001000000000
0010001010011101001000100010110100100000111111000011000001111000
1000000110010000010001000100100010110010101010000111100001011000
0001110000101100000011000100110000100010000000000000110000000000
1110001011101100100010100100110000101000010000000010010001000000
0000111000001110000100011100000011001010000100000101000001010000
0100010101100101000101010110001000000000000001100000000000000000
1010110000001101001000000010001111110110010011100011000000000000
0010010001010000001101100110110010110110110100001100100000000100
0011110000011010000100000001010000000000000000100000000000111010
0011001101010010000001010100001000110010011100100010000000111000
1010111100010010000011000010000000000110100100000000000010100000
1111001110100000101100110001010011011111010111010101001110100000
1101010100000110011100010011100010110000110011000010001000110000
1101101010000011110011000000000001001011000100011000011100000100
1101100000001110010010110001100100000000011100000000000011110000
0011000011110000111010001000100000110000010101011010000001000000
0011111100110100110111011111000000000000000000000001000000011000
1110011011001100101000101100000000100000000000000010001000000000
1100010010001000100011110000010011011000110010000001101111011100
1111010001010101100000000100010110111110001111011110101111010000
1000111101111111110111111010111111111111011111110111101011101111
1111010110100000011000000000100001110110110000100110010001100111
0011011100000001111111110000010100010111000000110011001000000001
0010110100000100000001000000100100000100110101010000100001010000
0111111011011101110111111111011101000100010001000100010011000100
1011100100001100111111000011000110011000010110011000100011111010
1011001110011001000000011010100000110011101100110000001111100010
0101000100100010100011000010100100010000110010001000000110000001
1011000101111011011000101000000001001010010111101101001110110000
0000000000001111111010100000000100100000101111100000000000000111
0010111101011111011101011111001110101111100001111111111110010011
0100001101011011011000000101101001010111010001010101000001011101
1100001100010100110011100101100000000001000000001111011101111100
0101011100110111100011011011101100010001110001011100000000001101
1111010111101100111101101101000011110110010101001111111011111110
1000110111001111000111011000010000001111000011100100100100000100
0001001011011100010100111101110000000010111010101001101111010011
1111111100001010111111110000001000001100000000000010101100001110