0010010000011010101110111011100010010001100110111011101010111010
0111111100011011000000111101111111111001010110001101010100000011
1111000010100000111111111110111000011110111101000011110001001110
0010111001111010111010001011101100101101001111011111011100111111
0111011001111001000010100000001011111001111100010100111011101110
0101111101101100000001110100010001111111010101110000011000000110
0000000110111010000010001011101011011010110111110100001111101010
0111101001110101011111111001010100010001000000100001000100110010
1101010001000010001001000100010010100000111101100010100011111010
1001110010111001110000100010000100010100000110110001110001110010
0000000001101000100001000110110011110000000000001110101000001100
1110000011110000101000101010000000100000001001000010000110101000
1000101000000010010010000100100011011010100000100101100000000000
0100100010001100010001000000000000010001100000011000000001000001
0011000010000001011110101000111000110010010110100001001001001000
0010001000100010001001000000000000001000000000001110011001000000
0000000001101000000101100001000000100000111011000101001001010000
0000111100000000100100100010000100001111000101000000101000100000
1010111011101101010101010010000010100111101010011100000100000000
0110111010101010010000110100000001011101000001000100010000000100
0000000100110001000010010001101010010000101100000001010010000000
0011000010111000001100000011011100000000011001010100000000011000
0001000001110010001100100001000010000010000111011001001000011011
0000011100100001000000011100000100100000110000001111000000010001
0011000010110011101100101111001101001001010110100001000000000011
0000000000011001000000001001100001001000000110011001100000001000
0001001000101011101000100100001000000001010100010011111000000001
0100010100001100101000010011000000000100011111100000010110000001
0000010100110101000111100011111101100001001000010010000100100000
0001000011011101111001010011100110110100100100000011000001000000
0100001100000011111111100100001001110000010100011111010000000000
1110000010100000000000100000000010000000101000001010100010101000
1010000000101010001000010010010010110000001000000011010000100100
0000100000001110100011001001110010100111011101101000011101110000
1100011011000011001100101000000001000101010001000000000001000100
0010011000100010101010101100010000110000000000101010100000000000
0000000011100010001000001011010000110110001010100101001111001000
0000101001011010111110101010100000000010010110000101010001101010
0001000000000000100100000001000010110000000000000011000000000010
0100000001000000000000000000000001011100010101000000010010101000
1010111100001001011010111011001111001011000010011001101110001000
0111100000001000111111010110001001110101000011001111100000001100
1000011111100111101011011110111100111111111001000110001110100000
0000000011001101000000001111000111100011110011111000100111111001
0001110101101111001000000000101011111011000001111011101010100110
1111000011010001100101110100101010000110100001010101111100000000
0000000000001101000000110001000111110101011101111010001100110001
1010000110111110101100111111101011010100001000011110010111101111
1100110111100010000000100010000000100101100111010000001000011111
0101001100000101000001010000110000101011000100100000010000101111