0111001101010001111111001111101111100110000000000000011111111111
0000111100101111001001100110101000001111001011111100111100001000
0000000000110000000110000111011001000100101110111110111010110111
0000110111001111100000010111111100110111101110111000010000000110
0000000101001010011000011110000111110011001100111111001100000000
0101000000010100110101011101010110001111110101111101110111111101
0010001010101111111101111101000110100000101000011111111110101000
0111010100011110001000010000101011110111011100110010001011000101
1100000001000000010000000000000001000000000010011100001000110110
0001000001001000101010101010000000000110010001000010000101000100
0110101000000000001000000101010000100010000100000111011000010000
0000001011001100001100100110100000001000011000001011101000011000
1010000001000000001100001100110011111010000001001001010001001100
0010010101001110000011010000110000000000111000000000000000000000
0010111011000010101010100000000001110101011011000010010000000100
0001000100110010000000001010101000100010001000100100000011111010
0000101000110000001101111111001101100100001010001001000011000000
0101110000110011000111101011110000001000011100110101000000111100
0000100000001000000011001000110100100101000000100000000101001101
0000010100000101111010110000000011011101010101011100111111101111
0001010000111000000001000000010100010000000000000000000001110111
0000010100100111001101011111110101011000010001111001000000011101
0100000111000101110000010011000100101011010001011110101101000101
0000000000000000110000100010101000000001000000000000000001000010
0011111100101100001101000010110000111000001000000011000000000000
0100001101001001001110111001001010001100110000001001110011011000
0100011001010110011000000110001001000100010001001000000000100000
0001000000001010010101110100000001000000010000000100000101000000
1110001001000001000000100010000000011011001000001011101010101000
0000001110101000000000001010111010000100110000000100101000101100
1111001000010000001100000011000000000010000000010010000000100000
1010000010100000000011000100010000001100000010000001100110001100
0111100111111111010000010011101100000100000011001011001100101111
1101111101011000110011100000000011001111110111011001110110010001
1010011110101111101011010100010000000011000011111010100000010101
1111100101010000111110110101000000000010010000001011001100100111
1101010011010000101110001111110001010100010010110010010011110010
0101110101010111011100110000001101011101100101111111001100101010
0010011110101111001110101110111001001000010001110000010001000100
1101011100100110000010010100000111001101101001110000000001100110