0011000100100001010100010000011111101111101001000011001000100010
0000000000111101001000001010011000000000111010001111000011110100
0101000001011010011000000010100011010000111101110101100001110100
0010100001001101100100101011001001110011101100110011001101100010
0010001000100000011111111001011001010000110100001110111011111110
0111100000110010110011101010101011101100100001111010001100101011
1101010010000100010000001001000010000000100010001010001010001000
1000000011101110000000000000110000110100000010000010110000101010
0100010000000000000101001110000001001100001000000000000000100000
1001110101010001100110001110100011010001000011000011010010000000
0000101000001010101100100000000000011010000010001110010000000000
0000000011110010011001010010000000000000101000001000000000000000
0100001110000100000010111001111000000011000000000000101100001111
0001000100000001010001011101000101010001000100010010010000010001
0101101100001011010100111001110110000111101000101101000010000000
0000110100000000000001000000111101000111101000000000000000001111
0000000001000100010001001110010000000100110001000010000011100100
1001001100110011001000000000001000010010001100111010001011110011
0000100101000110100010001110000000011011000010111100100001000000
1000100000000010100000000101000010000101000100110000000010100101
1000000000000000100000000011000110001000100010000010000000000000
0111000111111111000100000000000000000001000000000001000100000100
0010100000010011001101101111001000000010001010001001101100000000
0000010100100100000001011000010000011111100011100000000011001000
1100100011111111111111101111111100000010000101110001100000010001
0001000100101010001010100010101000110110000111010101000001000101
1011011010110100110000000000000011000001011000011100010011110000
0000111111101101111001001101110110100110000011100000100000101100
0101001111010110001100001101010001111101001111100011000000010000
0110101000101010111100001110010011110110101100110111000111100101