1101100101010101110101110100110011010111110110001111011011001000
0000011000100001110111110001000000010001010101001111011100010001
0101110101011110010111110000010100001001010110011000001101000001
1111011000000100010101010100010111000001010000011000000101010111
0000010001010111100100000111010110111001110011001101110011011100
0001110010001001000100010110000010111101111111111100110100111111
0011100100011111101110100101100100101010000101001101110001010100
1011010110100111100101011101000001110001011100110101000110000000
0000111111110000010110111001001000001010000000001100101011101110
0111000011010010010000001100100010100010100010000110000001001010
0000000011100100000000000000000011001100100000000010001000100000
0110010100010011000100010010100110110011111110100100010010100000
1000010100000001000100000111000110010000000000010000000101000001
0010101101010110000000010100010001111010000111000010000011011000
0100010100000000110111000000100001010101100011011101011000001000
1110100000110001100010000101110010100000001000000100000011111010
0000000000000100000001000000010000100101000101100000010000001100
0000101000001110000000001100000000001010000101000001000000100100
0100000001000111000000100000101011110000110100000011101011111111
0000111100000111001000001010100000001111000011111100110100100101
1011010000010000010110101010101001000101110011001000000011000010
0010101010110000001010001101101100001010110010110000111001010010
0000101010101011001110110010100000000000100000000100010100000000
0000001100010000101100111110001110000011001010100010101110000001
0011001000000000001010100100000000100010100010001010101010001010
0011001100100000111100000000010000010000010000101101100000000000
0111010000000000111000011010001001000001000000000100000000000000
0000111100000000000010000001000101001010000100000000001000010000
1101101010010011000100000000000000100101001100010000110100001010
1100010110010100011001010000010010101110110011001011100000010000
0101010100010100010001100010001001000000011101110000000000000000
0111011100000010010100100100000001110001000000001000000011000000
1111010000000000111101000001101011110111000000001000111010101011
0000110110101111101100010001111000001001011011001100000000000010
0011101000101011011000111001111111111000101111110110001001010001
0000000111010101111000010010110111000001010100011110001111100011
1101001100101101110101010000011100111010010001111010100101100011
1000111010100000000000110010011101101101100100000100001000000000
0000001100111010010000001011111001010111000011110010000010101011
0011000011111011011000000011000010111100001100101001101010111010