0000000100001101001100001101111111001110000010001111111110101000
0000010001100011010100110010001100010001001010110001101001000000
0001001110000001101110110001001100010011010100011011001110110101
0001110111110001000011011011101000001111111111010000111011111111
1111000110110011010110010000010100000101000101010101010100111111
0100001101000001001000111110100010100101111011001110010110000100
0000000001000000000010000000000000000010000010111011001000111111
0101101001010000010110010100001001111000010000000011001101111011
1111001111100100100110011111110000110011100100100000110101111001
1111100011010010010100001010001011110110110111010010101010010101
0001100000010100000001001001010101010001010100010101000101010101
1111011111110001111101011101010011110101111111010111101111110100
0100001101101100000011111100000000000100110001010000000111111101
0011111101111011011110101110110101101111011101110011111101111001
0101011101010111010000110101010111111011011010111011101101101011
0101010101001101010001010000110001101001011111101010111111111111
0000000000010011100010001010111000000000000010000000000000101111
0011001100000001000100010001000000000011111111111000010011011111
1111110001110111110111001101111100000100010101111100110000000001
0000110001010001110011000100010010101101110101010110011101101101
0010010100111111111001111110111101110111011101110101111111101111
1100111111101011101110110111111110111111101100111111111110111111
0110101101111111101100101111001101111111010011111001000011101100
1101110111010101001000000011011110111001111011111110111111001101
0011101101110011000110010001000111111101111110001111110011111011
0000001111000010000010110011111111110000000000000101000011110101
0101001000000010010000011001111101001011100100100001000010100101
0001110110101110000100001001101100110010011011111010001011111011
0101110100110001011000001111111111111011000110011011011111011000
1000101111100001111001111111100011101011001000111000111011110100
0000110100101101011101111001100110010011110110101010100110101110
0000000000000000000000000000000100100001001000000011001000111011
0010001100111111001100010100011100100111001111110000001010000001
1011001110111011001110111111011100000010000000100011001000000011
1001111100010111010110001000111100011110011100111101101010011100
0100000010100010101000000000100000101111000101110000010100000101
0000000000000110000101000000101000001101111110100011101011101110
0101010101010101010001000011110100011000111101010101000111100111
0001000110011010000101110001001011011100000010000000111100001011
1100110111110000110111001111101001111011101000000111101001011000
0010001100000000000000010100000000100010001000010010000100000011
1111111100101110010100111111110110100000000000000000000000000000
1001000000010000101010001010100000010000000000000001000000001000
0000000010001010000000001000111000000000100010000000000010001000
1010000001000000101111011111011000100000000101101001000010110000
1001101001001010000001100000101000001000000010100000000000000000
0000010001011000111000000000000000001011100110100000101100011010
1110101011111101100110000111110111101010000000000110100000000000
0000000000000000011000001111010010001110010000000100111000000000
0000011101100110001100000000000000000000111010000000100000000000
1111101111111110111010101100100010101000001000000010000010000011
1000110001000000000011101110000000001000001000001000100010000001
1111111111111111101011111111101110101111111111101011101111111001
0000000011100110100010100000000000000000111011001000001010100000
1100100000000000000000001100000011101100000000001000000000000000
0000000000100000000000000000001101000100000100000101110100100100
1110111111111110101010101010101011101110101010100010101010101010
0000110100101010101011011000100100010101101000000000010011100010
1111011110110001110000001101000011110101000000100100000011110000
0101111100000010110011110010001010010011100101101010101000000110
0001000000001000011100000000000011011101000000000100010001000100
0100000000000000100000000000000010100000000000001010110000000000
1111001010110010111011111100100011000000000000000100000000000000
0101010001010001111101110001000110011110010110000111010000100010
1111101111001100011001111100100010111010010011000110011110001101
0000110000101000000100000110000100000100001000000000000000000001
1011111111111111111100000111000010111111010110111111000010100000
1110111111001100100110001100100011101000010011000001001011001100
0110000000000100000010000000010000101000000000000000100000000000
0000000000100000000000000000000000000000000100000000000000000000
0000010010110000000100010000000010000010100000001000110011100000
0000010001111000010001000000011000001000000010100100101001000000
0000011010100000001111110000110100010001000000000000000000000000
0110110100001000110000000001000010100000001010101111000101000000
0101110101111100010100000000000001000000100000000101000000010000
1010000100110010000011000011000010000010001100101010001010100000
0101000100001000000000000101100000010000010000000000000010001001
0000111100010000011011010000101100001100000100000001000001000000
1111110011101100110111101111110001111110011111000111110010111000
0111101111011100000000000011000101110100010000001000000001000000
0001111100011001000000110010001000001100101111010000000000000100
0000000110011101001000000000100010000001100100010000100110001001
1011111101001111010110111001111111001001010011110000110000001111
0111011100100001010001111000000101000110001110010100100000111011
0000111000001100000010100000000100000100000001000000000001011101
0001010101111110000110011010011111110111101111111111011110101101
0110010000000000100001001110111011110101000100001010001111101000
0000010000000110100110001000000000011000000110000101001000000111
0100000111001000011100111110100111010001010010010010001111101011
0010110001000000001000101011011100100000111100010010001000000011
0011000001101111011000000000111101101001111000000110000000000000
1000110101101101001101001011111011111100010000000100110000010000
0010010100110100010001000000010000110010000010010101110010010100
0000000100001010101000001100110011100011001011001101000111101110
0100110000000011000000110011001000000000000010111000001011111011
1111010101110111000000001111011110110000000000000000001000000000
1110011000100000000010110000001001111000000000100000100010000010
0001100101000000100000001000100000011001100100000100110000000011
0000001011001110000000000000000100011001101110000000100010001111
0000000010000000110001010000000010100011101000010000000111101001
1011100110000011000001000000101001100110000100010000001110111101
0000000000010101000000000010000000000101000001010000000000000010
1000000111111011110110010001000010111001101000011111000101010000
0101000100010101110001110111010100110100000000001100110000000000
1000000000000000100011011001100111100000001000001000000010101001
1010100110001001111111110000100010010000000100011010110000000100
1000101000001011110010000100000000010010000001010000000001000101
0001000000001101100010001000111100110100001011000011001100001011
0000000001111101101000000000111000100011000010000111000100001001
1100000011000000011000010100111101000000111101010100000000001111
0001100100011101010110010101100100101000000101010101010101010001
0001000001000100000100000100000001000000111000000000000100111011
0010000010100100101001010011000000101010001110100010010000110011
0010111100001010000000000011011000001110111100001100111001001010
1010101010011011000000100111000010101110001000010001001001110001
0100011001011011010010001100110110011110111011101100100001000100
0001111101100000000110110110010010111111010101110010011101010011
1110011111000111000000001010001001010000111100001111000000100000
1001011010100100101001001000010000110000101111001001111110110111
0000111000000010101110110001000000000011000110110101010011110101
0010000110000100001001101100010101110111000000000010001001000000
0011100000111000011111000111000000001000001010000001000000110001
1010101011010000101100000000001010100001010000100100010010011000
0111111011011010111001001100000011111100100110101010000010001001
0000111001001110010000000100111011010101010000000000010101000101
1010010010101000001110101110000000000011000010000001000010000000
1110111001101110101011100110101000111110001010101010111001001110
1100111111111111110010101000111111000000110000001100000000100000
1101100101010111010101000000000000010001000111000101000010000101
1101111111111111011111111111111110111111111111011111010111110100
1111111011111111010001001100110011111111111110111110010011001100
1101111011111001110110111110110111110110101101101111010111100110
1111000110101000010100010110100011110111000011000010001100001000
1100110000001000110011000000110000000000001000000011010100000100
0000010100010111111111010111101100011101110111011001101010000000
0100111000001111000000000000011000001100000011000100000011001100
0010010000000010000011100001001000001010000000001110111000100000
0111101101111101111111111111011111110111101111111111111011111100
0000110000100010100110001000100000000000001000001111111010000000
0001010001000001011100000101000110100000101001010000010011100001
0001000100010001000000000010000000110001000000000100000001100000
0000010100100001000101010001000000000100111000001101010010000000
0010000011011001000010010000000000000000010100000100011000000000
1111001011110010000100000001000011000000110011000100000001010111
0000000000100000000000000000000000000000000000110000000000000000
1111111110101010011001010001000000000110011110101100110000000000
1111101110111101111111111001110011111111101101001111111111101100
0000111000111000111100000111001110000010100110000010000010000000
1111010100000000111101010000010000100101000000000000000000000000
0000000011110101100000010000001110111111101010100111001110100000
1000000001011100001101011111000000010100011010001010011110101000
0000001100111010001000000010001000000000000011000110100000100001
0010001000001000111100001001001000001010000010001110100000000000
0010000000101001001000000010000000111101001101001011100000111000
0000000000000000000000000000010000001000000000000000000000000000
0000000000001000110000000000000001110011000001100000011010100010
0101000010100010000001010110100011101001011101101111000011110001
1111111110101010010111101010111011110001000000100010000010100100
1000010001000000100100000000110001011111001000100000001100100010
1100010110010100000101000001010011111101111111001010010010100101
0000000100000101000000000000001110001001001000000000000000010101
0100000010101110000001000000000000100000100110110000000000000100
0000000000100000000000000000000000000000000000010000000000000000
0000000000000001000000000000000000000000000000000000000000000000
1101111111111111111111111111111111111111111111101111111111111111
0000000000000000000000000000000000000000001000000000000000000000
1111101111111111111001101111011111101111101110110100010111111111
0101010000000001010111111101000111011101010101110111011000011101
0011000100000100000000010100000000010000011001110000100000011100
0001000001000011000110110110101101100011011100011010001010011011
0000000100000000000000010000000001000100010000000101010100000000
0000000000000000000000000000000000000000000000000000000000000000
1100111001000010001010001000000010101001110101000011101010000101
1000111010011110100110111101000110101110110000010000101011011001
1111111111011111110111111111111111011111111101101111111111111111
1011001100000000000100000000000011111101001001001010101000111010
0000000000011100111111111111111100100111001111111011001110110111
0100100000101011100000000000001100100000001000000000001000001100
0000000010001000000000000000000000000001001001000000001000000000
1010001010100010011001101000001000000000101010100100001001110000
0001001100110010001100110011001100110011001100110011001000110011
1111111101011100011111111011010111111111111011111111111110111111
1111111110111111111110111111111111111111101011111111101111110011
1111110111011111011101010101011111111111111111111111111101110111
1001010000001111111101110111111100010001000001111111010101110111
1101111111011111110111101111111111111111011111111001110111011100
1111111111110001111111011111110110101111111100001000001011111000
1111010101111011000111011100000110000001110100110100000001001011
1110000111100011100000010000000010100000111100011000000110000000
0000000000000000000000000000000000000000010000000000000000000000
0000000000000000000000000000000000000000000000000000000000000001
1111111111111111111111111111111111111111111111110111111111011111
1101110011011110010001110111010011101111111111100101111011011100
1011111000111010110000100111110000111011110101110000110100000001
0000000001010000010100001111100110001000000000000000000000010000
0000000000000000000000000000000000000000000000000000000001010000
0000000000000000000000000000000000000111000000000000000000000000
0101001101010000001001110111011111110110110011111001011111111111
0000000100000000001000000000010000000101001001000000011100000010
1011111100110010111101001001001100111111011111110001101111011011