0101001101011011010011111000101111001111000110110101011110001011
0000010000000000000000000000000000000000111101011010010001010100
1110101110001111001001100000010011101111000111011011111110111111
0000000011010111000000000100101001010111001100110111000000010100
0001011100011111000001010001010101000011010011110100110100001111
0100010010010101011011010011000011111111001111110100110100110111
0001010101111111010101010101111101010110000111110000000100000001
0011010000111100111111100011110110111110001111011110100011001100
0010000001110011001101111111000100000000000100000011010001010101
1101110010111010010000000100000010011101101110111001100100001110
0000000000001100101010101110101010001010011111111010101010101110
0111010100111001010001100010000000100001001100111000110100000100
1101100011001000101111100100110010001111100011101011111111001000
0111010101010110111111111111010100111101001010000111110101111100
0010000111000000010011101111111000111111110001000101010011111100
0011110010110000001111100111101000000100000100101110111111111110
1111111101010111010000010111011000110011100111000001010101011101
1111111101001100011011111100111111101110000000001001011111001110
0111110111010001000100010111110101110001101100010011110010111101
0110011101101011001101110111101111110111110001111010010001010011
0011111010100011010010010000000100110010001000000100000001000000
0011011100001100011101110010001000000000010001000100000000001100
1010001000000000010000100000000011000100010100110100010000000000
0000000010000000111100001111000010001000100000001111000000010000
1010000000010001000000000001000111101110001010000000101000000000
1000000000001001100000110000111000110011010100011111000010110000
1010010000000010101001101010010000000011000000011010111010101000
1010000000000100111001001100100010000000000011110000000000000000
1010001011101010111111110000010010000000001010000100000000000000
0101000011100000000000011100000001100000100010000000101010001000
0000000000100000100010001110000000100100101001000100010001000100
1000101011011100000000000000100000000000000010001110100011001000
1010110011000010100000000000110011000100010001001000000001000100
1011100010101010101000001011000001000100000000000101110000011000
1000000100000000111010001010100001011001000000011100000100000000
1000111000000000100000000000000000011101001000000000000011000000
1000000000100001000000001111111111110100101000100000000011110000
0100100000000100101001001010110001000100110001001110000001100100
1100111010100010000000000000001001000101000010000000000010000000
1000101010100111111001001100010100000000101000100100000010001000
1100110001000100101001111101111110000000010000000010000001000001
1000100011111111000010110001111100000000111100101000111111011111
0000000000000001110000100000000111000010011100111100101000010000
0000111011100101011101110001001000010000000000010001001101110000
1110000100100101001100000110000111001101011000010011010000100001
0101000100010000011110011101010100001000001000000101100101010100
0100000001001110010000000100000001000000010000000101010001010000
0101000000010010000000101111111000000000000010000100100000010100
1111000000001000100000000000000001110001110100010010000000000000
1010111000000000101110000001000000000111010000000000101100000000
0001000100110001101111110011111100000000100000001000000000000000
1101110101110000110110000101000110100101011101111100101000111001
0000100000000000100010010010000000000001000010000001000100000000
0100001100010101101010100010010101000000000001000000000100101011
1111010001000110101111000100000001000011110000001100001011100110
0010101110001010010010010010000101000111011000110110000000010001
0011111100100101111110101000000000000101010001000110110111011101
1000000000110001011010100001000111101010011110110100010001110101
0001000010000001100000001011100000011011000110101000101000001000
0000000101001000100010000001100100001011111010111000101010001011
0100000000100110000011001110111000000110001100100111100100000000
0101010101001001010010000101101001000100000000000010000001100000
1111111111001001101010000010011110000100000000000100000000000000
1111000010100101111000000010001001000100000000111100000010001100
0101001001000010111100000000000001010101000100000100010010000000
0000111100011111100111011010101001101000100011111011101001001000
1001001110001100000000001010101000100000000000000111000010010010
1010000010101000000110010001001000100010100010000010000000000000
0000000000000001110010000000111101000000000010000000000000000000
1010001001110111011000101101010010100000010101101101000000010110
0000111100001100110101010010000000001111000011000000000010010001
0001000011110000000000000010011000110000100000100000000000000100
0000100000100000111000010000010011111111001001100010011000000000
1111010110101000111001010000010001000100000000001100010011000000
1001110000001100001110000001100000101100001010000000100000001000
1101001000010000101111000010000000001011000000000000000000000000
0111000000100000010010001100111000100000101100001001001010001010
0010010000100000000001011111010001100111011010000000001001001100
0000000010000000100000101000000000100010111110000010001010000000
0100000101101011000001110000111000011101110001001001111000001010
0101100101110111000111000101001100010111010100010111011100010101
0111011001110100011101011111000111010100011111110000010011011110
1110101111110111110101010100000101010100000000000111001000100010
0010101101110010101100101101010000001010010110101110000000000001
0110000111111111001000001010001001110000010101100000011001010100
1011111111111111111010000001011111110100111101001000010011100000
1001110001111100011111111111111100010101000010011111000111011010
1110111001001100010111110100010000010110110010001100000110001100
1011000110100000101110110000001000100010011100001011101100101011
0000010000010100000101000111011010000000000001001000010011110111
1011111111111111101111111111111110111111010111111111111111011111
0111011111110111011111111101101111011111111101111111101110111010
0111101111010001111100110000000001110011000100000011001000100010
1111100110111000111010110001000010110100010110010101010000001001
1110010111110100111101011001000010010100101010000100010111001000
0110001110110010011100001011001000100011001001110011001100110011
1010111011001111001111111010100110101010011001111010101000000100
0000000010100000000000000000000010100110010001011010101100010000
0000000000101111100011001110111000100011001101110000000000000001
0000000001000100000001011101000001000101010100000101010101000000