1000011010000010111101011111101100000000111001101000000010111011
0110111111001111010001001100111000001111101111100001111110001010
1000100000011101000011101000111110111000100111110000100011101100
0110011111100110011100000110001111011010110111100001010001010100
0100000011000000010100000110001011110000010111000101111110111100
1101110111000010010101101110001101010101100000011101010100100110
0010001010101010001010111011001100001100011001011011110101010101
0101111101100011010011011101100100100001000100010110001100000010
0000001010110111111010001111000001000111000101010100000011100000
0000100001011011010000110100001110001000000110110110111110110111
0100011001100100000001100010000001000100010100000110010000110000
0000000001001000001000001010000111110000110010000011000010001100
0110001001010110000010101100011000000000101100000010101010000000
1100010011000000000000000000000010000000000000000000110100000000
1101001010110010010000101011001001100010011100100010001011101010
0110110000010010011010110110101101010101001010111100000001000000
0101100000100111000010000000101110110001000101110011001000001011
0011010100000101010101010001000100000000000000110000100011001001
1000111001000000101010111111111110001101001000100100111110000111
0000001000001111000000001100000000000000010001010010000010000000
0100100010101101000000001000000011000011100000000000000110110010
0000000111000101100010001100110100001001001111101000110010001101
0000000100100011000000001101100110100000110000001000100011000100
1111000000000100100101010000000011100110011001000110000100001100
1100100000100000010000100101101101001010000000000000110000000000
1000000000000100100000000000000010001000000000001000101000000000
1110010100000101100001011000011100000000001000001100000011111000
0101010000000101000001101011011110010111001100110000011110110011
1100000000000000111101010101010001100110001100000101011000000110
0010100100000110111000010001000100000000000000001010110100000100
0101110110001010010101111110000100001011000000000000000100000000
0000000100010001100000001000000000110011010001111010000010100000
1000101011100011110011101011001100000000100100000100000001100010
0000111100001011111000001100001010001101110111001100100011011101
1110101010101100111010111010011100100011001100011110011100100010
0111101111111111001001110010001001000111001110100000111100100001
0100000011000101010000000010000111011011110101100111000000100001
1100010011111110110101011100111111000100010110110000101010001111
0000010110000011110001011100011110011101011010000101000111100111
0100110001001100000011110010110010110111101011101011001101101111