1000011100100111111010000100001000000010111010111110100011101110
0000000011100110010011000000000110001100111101001000101011100000
0011001010110001000010000101101000110000101110110001000001111010
0000010100011001110000010010001111101110111100111000101100101111
1111101010111110110000111110000011111010111011000010001000000000
0000001000000111111101011010111011000000000001001110111011111000
0110001001011111000011000000010001101110000000000010111000011000
0000010101010011011110000111101000000000010111000001000011110000
0001100000000001111001000010000001010100000010110110110000100000
1111000010001101101110001100100000001010000010011000111000100110
0000000000000000111100000000100000000000100001110000000000000000
0000000100000000101000001010000000000000000101100000000000000000
0000000001010000001000011100000010100011000100000010111100000000
0000010000100110010000010010000000010100010011000110000010001110
0000000000000000000100000000010011110000101100000011111010110111
0001000010010000000000110011101110011011111010100000101000111011
0000001000010100001000110000000000000000001100000001001100000000
0001001101000010000100111001100111100010001011000010111000000001
0000000000001010010001110100101000001110100010100001110100000000
0010001000100000001000110110010110111110001000000010011000100000
1000000000001011110000100110111000101110101011110000001000000000
0010100000100000010011000101100000101001000010100100110001011100
0000100000000001000000000001000000000010110001000100000011100000
0000010001000000000100000000010111101100000000001000100000000100
1111000010100010111101011110100001100000001010000100000100101000
0100000001010001000000001111110100001100010000001100111111111100
0000111011111111110010000000001100011101110010011110100000001111
1000000011101101100000001101101010000101100010011000110110101111
1101110101000000010100001011001011111110110010011110011001111010
1010111000111010111111011011001100001000010000001101111100000100