0010111111011111111111111111111101111111111111111011001111110101
0011000001010000011000000100000010100101101110001111101011100110
0101000001000000110101001101000110110010010001001101000010110001
1110111111111101100110011011100011011111110000010000100010111010
0000110010000000010001011101111100001000000110011000110011011101
0100010101000101011000010000111001000100010001001100111011111111
0001001011000110001000000000001100000000010000100000001000000011
0000010000010010010001010111100010000111111111111111111111101110
1111011111110111110011111111010011111111110111101100111011110110
0101110110111101010101110110111001000110100011100101111111101110
0111010101011111000100010101101111111111110011001111111110001111
0000111100111100110111110111111111111000111101111101010101001111
0100011100010011010111010001000111000100111101011100000011000000
0000010100000000011111001000000010001110100000001110111111001000
0100001010110011010101111100000001100010011100111111010100101110
0001110000110010101100111001101000111011011110101011101110100011
0010101100001111000001010011010000001111000011110111001100001100
0010000100111000001100010001000010100111011011110111010110101110
1110111101010101111011111110110010000100000101011100001110101100
0111011100011111001111111001101110100001101001010100111010001111
1011100011100110001100100011110000110110111111101010110000111100
0010000000110001011101110011000000111011001100110011001100101000
1010000010111011000000000111111100000000011101110000000000000010
0000101111110110100011011101110101001100110100100100010100011101
0110101100101011110110111111001000001101010111110101111101111110
1010001110110001010000001110001100010000001000000001000000000011
1000111011111011111111111001111110001111101011111001110101001101
1101100111010111111111111111110111011101110011011100000100001101
0001000000000000111101010100010100110001000001010001111100001111
0001000100000011100111000000011110101100010001111010000000000111
0100001100111010000100101110010001110100100100110101010011110100
1100100101100001000000010001001101001100010101110100010011010011
0010000011110000000011001111110000001011000000000010001000010000
0001111111101010010000001101100000001101010000000001111101010000
1011001100000000101101110101010000100010100100000010001000001000
0010011100010001001000100000000000000000111000101000001000000000
0011111000011111111111001010010101011111001011100101110100001001
1011000110001000101110011010000010000000101000100010010010100010
0101111011111101011100101101100001110000010000100000000010100000
0000000010100011100000111011001011000000110000001000000011000000
0000011011011100011000000111000000000000110110001000001001000000
0000100000000010001000000000000000000000000000001100110000000000
0001000101010100010000000011000011110111110111001110000011000000
0101000011000001010100000110011000110000000000001001000000000000
0100010010101000010000000101000001001100000000000101010001010000
1110100011111000100100010010000111001100111011001101110000010000
1000110000000000100100000111000011101110100010000110000011000000
1111111100100000110111111001000000100011001000000010100000110000
0000000010000000001010100010000011110111001000000000000000000000
0001110101010111000011100000001001001000100011000010001000011000
1111100011011000001110000001100011011000100110000001100000000100
0010001000100001001100110000001100100100100001000110000000000000
0000000000000000010011000100000010101000001000000000000000000001
0111001101000000000100000001000001010000000000001101000000100001
1110011101101110011001011000100011000010011000000100111011100100
1101111101000000110110100110010010011011010001001101110100000000
1000100011010010110011001101000001000000111000001100111011100000
1011110110111000011111110001101010010000100010000000110000001000
1111100110101000011110111110100010111011100010000001101010001000
1111100000000000111110101000100010100100010011000000100001001000
0000000010101000100000000101010001110010010001000011001100001100
0101000110000000001101010000011100001010100000000000000100110001
0000100001000000111111001101010010001001111110001010000111111110
0000100010001100111011110001110000000010000010000000001000001010
0010011100010101011101101001010000100100010001000111101001000100
0000101010001100000010100000000001010101011100100000011111100010
0010110000001110000011011010111000100010000100000001010000111111
0000111100010000110011010000000010001100000100001001100110010000
1111101100110011000000010000001000100000000000100010000100110011
0000000110100000111000000111010100100001000000001010010101000001
1010111000011101000010011100001100101001000010101001111011000000
0100100000000000011010100000100011111111110000001011100100000010
1110010000000000111000100000101111010110100010000110000011101011
0000110000000000000000010011100010101101101110000101111001011000
1000110111100001000010001010000011010010110101001001001110110101
0001100001001100000000000100000000000000000011000000000011001101
1111010101010001110001001011000110011001000110011100010001110011
1000001000101011010011001100111100000010000000100011000001111001
0000010010101000000001011110001011001000001000011000000000100000
1111100001110111000000000100100010000111001001010100000000100010
1011000000000101000010000000001111110100100000001011010000000000
0000000000000011010001110011001100000001000000000100010001000000
0111010001010100001010101110111000000100000001000010101010111111
0100001000010100000010000000110001001000110001000100010001001100
0100010000100001010101001101010010000000001010000000100011001100
0000010001110111000000000000000001100000011010010001000110011001
0011000001000000011100000000110101010000000000000011010101000000
1100001011110011110000100000111111010110101001110100111010001111
0011010000000001001111111000101110101110101111000011011000000101
0000000010000000000000011000000000000000100000001100101110001001
1011110000011101000110000011001110001100001111000010000000010000
1011010000011000000110001010000000000010000010100000000000000000
1111000000000000000000100000000010011010100011110000000000001100
0101010010001101000100001100100010110101101010000011010000000000
0000000000000000110011101101100110000010000000001100011010001000
0111111001000000100011000010000011111110111000101010111010001110
1110000010010011101000101000000000001100000011000000100000000100
1000100000000001111110011100101010000000110000001000000010001100
1101000110010011100110000010000010010111001000101100010101110010
0000001000100010100000001110101010100000000000001000010010100000
1100010000000000101010100000000011000001000000000000000000000101
0100111011111111001110010001110010100010010110101010000000001000
0011001111110011000010000011101111110011101101110000000000000000
1110101111111010000011001000110100000010110110100010001010101001
0101011100000000100111011000000010100010100010000010101000100000
1111001000000000101100110000000011111010101000101011110100000000
1100101000011010100000100100101010001010000000001001011000001000
0000000101010001110111010100000011010111000001001100010101000101
1101110110010011010110000001101101010100010101000000000000000000
0100000100000100101010001010000101000100000000010000010100000000
0000011000100000101000000000000001111110000000001010101000000000
0100000000110010110001010010001000001010000000001100110001000000
0000001000000000101000000000001101001100010111001101000001010000
1110000100101000000000001110100000000001001000000010001111110000
1010010011011100010001011100010000101110101010000111110101010010
1111111111111101011111111011001010101111100110001011111000000000
0000000000000011111100000000001000000000010000000011000000000000
0000000000000000000000000100000000000100010101010000000011111010
1111110000110010101010100001100011111010111000001101101011011100
0000101010001111000110100000101001001000110011110000000000001000
1111111011110000111101110000010010111111011101111111110110101110
0001000000011010000101000001000011010100111111101011001110010000
0000000001101011000011110100111100000000000100100000111000101110
0010101000000000001110110010101101111110000100000111101000010001
1010000000000001000100010100001111111001000001010101000101010101
1111111101110101111111111110111111110111011101111111111111101101
1010001000100000111000100000000111111011011101011111001001001111
1010101011110010101111011111100111010011011100011111111111111110
1111011000011000111011110010100011100010100110001110110100011001
0111010001110100000101011111010110000011001110111010001110100111
1111110100001111111111110011110111110101100110111110111111010000
1101110001111011001000000100010011000000010011110111100000011100
0000001111000101000001011100111100000001011111110000000011011110
0111111101111111101011101111111111111000111111101111001011101010
0000001000001111000001001011111100000000000011011100010010001111
0010100000101010000000000000010000010001000100000000000000000001
1001100100110000110011010101011111100110000000000000111100001100
1111111101111111101111110101111111111111111001111111111110001111
0111111100010001110111110000001001010001000001010000001100000111
0010101111111111001111110111111100110111111111110011101101111111
1000010001011001101000001010110111111001000100011111000000010001
0000001010000000000100011101000000000000000000100001000100000010
1000000010000000110000001000000011010000000000001000000000100000
1011000101010111111000010011000100000000000001010000000100010111
0000000000000000000000100000000000000000000000110010000000000000
0000000001000000000000000000000000100000000000000000000000000000
0000100010000101111011100101111111011101110011011111111111110111
0000000000000000000000000000010000000101000000110000010100000001
1110101011101110110111001100010011101101111011001100111011101110
0000000000000000001000000000010100000000000000000000000000000000