0011010001110101000101000101010110001100010101000000110001010100
0011011101110110111111000010001001110100011111001111110001110100
0101011100001101110011111011010101111111000001000111111100001101
0110110011111110110000001101111001000000111111101101000011111100
0100101111101100110110100000010111101111111111110110111001111110
0111111110011101010011011000110111011111010101111100110100000100
0000011010110000100000000000000011111101110011011010110111001100
0000000011011101110011001100110000101111010111110110101100101100
0101000010010000010100001011101011110010010110110101010110111010
1111011110111110111001101100101000001011000010101111101110110110
0011101100101011001101110010111100111011000001111011111100101011
0001000001010001000100000111110101111111001111111101000110010011
0000001000100011101000101010111110111110110111111010101010100111
0101010000111100010000000010101000000100000011001110000010101010
0000001100010101110010101011010101011001000010011100111011111101
0011001100110111001101110011011100110011001000100011000100000011
1101000011111010100011010111100111110010111111110011010011110111
1110011011001100010001110101101011101111011101101101001011011010
1110000011110111011001010111010011110100111011111111110101110101
0001111100000011000101111001111100110111000001110111000111011011
0001000001001000010100001000010011001110010001001101010011000000
1101100100001000101110100100000010101110100010100010001000101010
1000101010000010010100001100000000110010000110011111001000011010
0000100011000000101100001101100001001010010010001000000000010000
1000101001100011001010011011011110001100001000100110000011100000
1100110000000000000000000000000000001000000000001011000000100000
1001011111001110100001111111000111000111001100001101111111010001
0100000011001110001100111010111110000000100011000000000000000000
1110001010110010110010000011001001111000000110000000101000000100
0100100100000010010010110000111111001000110000000000000010000000
1100111111101111010001000000001001100010001000000110100001000010
1010001111100010101000100010011001110101000001000000000001100000
0101110001111000011111000101001000010000001110000011000000001000
0100101100100000000100011000111000010000000100000010100111000000
1110000000000011000000000000001111110000000000001111000000000000
0011001100010000110000000000001010001010110010011000101011001000
0110111000001110000001100000110001101110010101000000011000100000
0000000010010110111110001001000001011001001111111010100000000000
1000100000000001111111000000000111001000000000000000100000000000
1111011111011001110011110000100011111000111011010000001000000010
1100110100000000000000000000000011001100110001001100110101110011
0000000001011100001110110001000010000000010100001011000000010000
0100000100000010000000001011000100010001101100101011000010110000
1000000001001000001100010010100000000000010001011111110000010111
1101010000001000100101010000001011010000000010100001001010100011
0101011111010001000000110000010010110100011000100101111000001100
0011101100000000000100000110001000010111000000000000000010001000
0000000110100010100000101011101011000101000000000001000100010001
1011001000010000110000100101111110110001100110010000110110100111
1011000000001000001111000001110011101000101011100000011100000111
1111111001010000010111000000000010000000010101011001011000010100
0000000001101010110011000111111000001000111000101000010101110111
0000000110101001100000100010000011000000111111001100000011101100
0100110100101000000000000000100000010011000000000011001100100000
0000000000001000000010000000100010111111000011110000000000001011
0101011100010001111101110001000100010000001001101100000110010100
0010111100000010011011100000000001000100001011101010110000100110
0000010001101100000000110000010111000100010011000001001100010101
0000110000001101101010100100100100100000001010010010001000000001
1111001010010111000111000000000111110001110101010001011100010101
0101111000000011100100000000000000000000000000001100010011000100
1111100011100111111110100011001011111000000000001101010000000000
1010100000000000001010001010000000101000010000000101000011100000
1010000100001001000100010000000001001100001011000000000000000000
1000100010100000100000001010100011011001000010101100010101000010
0100011101001100000101100011101001111110011100000000001000000010
1110111000000000100000000100100111111111001000001111000000010000
1111101110100000010001000100010000001000111010101100000011100010
1001001000000011010001010001000010110010111100101000100011011000
1100101010001011000000000001000001001110010011100001011001001000
0111001100100000011000000000000001000001000000001001000111001000
0000000000110000101110010011001101100100001010010000100000000100
1101100000001101100100000000100011000010000011101010000000000000
0000101000000000000010100000011111000000111000001010000000000000
1010010110000000101110010101110001110100001110111111000001110000
0100010111110000010000010100010000010000101010000011110000000000
0010000000100101101001000001100100110000000000000000000000001000
1100011000111011000001000000000010000010001010000011100000000000
1000000000110001001100000011000000000010011100001111001000000000
0100010100001011110010011111101100000111000010100000101000000010
0100110000111110010011111010101001000100010011101000100000100010
1110101101110110011010101011010101100001111110010000110010011101
1111001011100110111100101110000011111110001010001111100000001101
1110100110001001100000101000000011001011111111111111001011010000
1111110101111111111111111111111111111111111111111111111111111111
0111010011011111011111111111111101010111111111010110111111011111
1111101100111011101100010000100000001011001000110001001100111011
1101010011110000100110011010010111110000111100000101000011100000
0101010001100000010000000000001011111111011100001110111000101010
0010001100001011000000010000101101110101011101011100010100000111
1100110000000100010001000000000011001100111011000100110001111101
1101110111001100111111111101111111111111110111001111111111011100
0111111101111111100011011000110010001111111010111001101101001100
1111111111110011101000100101111011111101100010010010101001110010
0010100011010000100010010010101001100000010000001000111110001010
1011010000000001110011001110000000001010000000010100000000000000
1100111110100001111111010100000010101010001000000010101101100001
0010100001001010111111100111111100100000110011100111110111111110
1000000010101111100000001001001000000000101011110101001001010110
1111101100110010110111010100100000000001010000001000010000010000