0100111001100110010110111000101100001000000000001010111011001111
0011000011110001101101011101011100111000100100000010000011100110
0100100001011111001000100110000001000001000000101011001100110010
0001010010000011010111101101111100010000100100000100000011011101
1101011100001010001110000000000011101000111011111111001011111011
0001000111111011001010111111111100110010101110001010000001111011
1000001010000100100001001000100011111111111110000100100000100100
1000000000100110011100000000000011010111011001010111010100101010
0000111111111111110001110010001000000111111011111101000001111110
0110001100000100100110001101100011110011100000001111110111011101
1110011111100000010010000011010000101000001001000010100010110100
1100000111000100000111110000000010010000100011111001110011011000
0001101101010100001110000000010000001111000000001000101001000000
1110110111011100010010001111100000101101000010100100100010001000
0100111000000000010111000101100000001010100100000000000011100000
0000000010110000000000001111001000001000001000000101100001010000
0110001100001000001000110000001001000100000000010000010000001000
0000110000010100000011000000010001000100001000110000000001010000
0001010000000101000110100000100000000100000100001010101000000000
1101110110101000000000010001010111111000101010000000010000000000
0000110010101000000101100000111010001101000000100001111100000000
1000101000000000010010100000001001001110001000110010100001000011
0100000100001110010000000101110101000100000000000010110000000000
1000000010101001101010101010101001000001001101100110010000100010
0100010000100111001110100100001001001101010011110100000000000000
0100010100010101110011110100011110000000010100010000100000001011
0000111100001101000000001100111110100110101101100011000100110011
0000000000101010100010000000000010100011101101111101011001010101
0000001010000001110001101100010000000011000000000101010001000100
0000000101000101000001010100100100001000010001001010101000110001
0011000000100000000100000011000010101010111010001010000000100000
1111010100010111110001000010000001100010000000100101010001000000
0001111110001100000110101010000000001111000000000000000000000000
1000110000001110000000010000001001000000001010101111000100100000
0010111000000100101110010100000010101110010000000000000011010010
1011000010110000001100001100000000010000000000000000000010000000
1000000011111111000010001010101011001000010110000000101001101000
0010000111100010011101010110111100010010000000101000000000000000
1011001100000011001000101000111111000010000110100110101001011000
0000100000001000100010000000100010011001010110000000101000001010
1100110101110111100001001000111101000100000001000100010011111101
0100101011111000001000000010010001010100110101010100010011001111
0010111110101111000101001011111111111111101000100000000000000000
1111101000010000111111000111011000110101000000000111011000001011
1000111011110110101001110100111000000010111100110000011000001110
1100101000001101111010111011111110011000100100001110111010110101
0100110001001010000001010101101001101000110011000001100111011101
0000101101110001001100010011010111111111111100001111001110110000
1110000111101101010011000100110000000000011001000000110000000111
0100000100000111011100001111101101110010000100100111000011000001