0000110111010101000001110111011100010000000001010010110011110111
1000010111001111000011011100111101010001101000110101001110101111
0000001010101100000111111010111111111010000000011001111100001111
1000011100000001001111111011011100001101000010100000110100101011
0100101100100111011011111110111111010000000100000010001011011000
0011011100110011101100011111101101011101010111011011001000101010
0000000000110011000100001111001110110010001100110000001000110010
0011001010110000001100000101010001110011101100011001011110010101
0010000010101010000000100000111000000000100010110000000110011111
1100111000110111111111001110011000101110111101101111111011110110
1111110001001111111100011111000000001110101010110000111100011101
0101111100011011000010110000110111111111010111110101110101001111
1111111011101110110111111101110101010001010101010101010101010101
0111011100100000010101111110111000110010010101001111111111011110
0000100001001011000000000000000101000000010010110000000100000000
0001001101000000001100111100110001010000000000101111111100101111
0011110100011100110100101000100000011101100111010000010001000000
1010011010010000111000101110101011001100000111011110111011111101
1100011001001110010111011111110111111011100011001111111111011101
0000000000000000000000000000000100000000000010000000100110001110
0000000010011110000000101001100100010001011100010101100100000000
0000001100000011110001111010111101100011111111001110011111101111
1111110011011010101111111101100101011000110110000100111111011111
0110011111110011111101101111011110100110000111001101111111111100
0000000000000000010101111000100010110101010101111111111011101110
0100000001100000101111001101110001000100110001000000010011001110
0010000000110100010100011001001100110000111110110111001100110011
0000001000000000000100110111011000000000010101000110011001100110
0000000000000100011100110101010000000001110001000001001000000000
0101011001011111100111111111110011110111111111111011101011111010
1111111111001100111100001100010011011100110011001001000111101000
1010000000101100000000001110110000011011110100000000000000100010
1111111100000000111100001010000011110110100000001111000110100000
1001111110110011000100100001000000001000000000000000000010000000
0000001101000011100000100000000010000010110010100100101011101000
0100100001001000000011100000000011010000010000000000100000001010
0000001100011000101000000100000001000011000000001010000000111011
1101100110010000111011010111000000001110010010000000110000010000
1000101010000010000111110011000010010000010010100100110011100010
0011000000100000001000100010001000110000010000000010001010100000
1100001011000000101010101110111110101000100010100010001000111000
0111111000000011111110011001100001100001001000000111110110100000
0101010001110000111111000001000001010000000011110011010000001011
1110111010001111000010000010101001110011101001100100010100011000
1000001000000000101010101010000000000100100010001010101110100000
1111100010001000101000001010100010010000010100001010100010100000
0000000100000000001000001000000011000000110001001100000100000000
0010010110000010000011100000000010100101101001110110010000000010
0010100111011010010101111100000011010010110000100100000011001010
1000010101000101100001111110110011000011001010000000000100001010
0000001100000001100000010100000101000101011001001100100010000000
1100001000101000110001000100000010110010101010101110001010100010
1111100001010000111000001100000001110000000010001010101010001001
1110110011111010111010101111000000000010000110000110000000010000
0001010011010100100111010000000011001010111100001111101010000000
0100111100000101110110110000010110011010101010010001000000010000
1110111010001000101100001010000000111111100000001100000010100000
0101000100001010100010001000000101010101001001000000000000000000
1110110000100000100000010000000010010011010000000000001000000000
0000000000000010110000001111000000000000000000000000000001000000
0101010001000100111101000111110000000000010100001100000010001100
0011000010110000001010100010000000010110110000100111001000000010
0101011010100111111100111011001101010100000001010011000000101010
0001100011110010101010001111111100001000000011011000000011111111
0011001000100011111100101011011010101010101100111010101000000101
1101100100001000111111111010100010100101110111111101000000000010
1011110110011001101001001101100001111100101111100110000010001100
1010101000001000011100001001100000101111000011100101110001100101
1000011100000011101100101001000100000000000001001100111001010111
0011000110110000010100101101000100010000100100000111001011010001
0101001111101111001000001101110010000010100010000010001110110111
1100110011000000110100000111000011110000000000000100110100110000
0000110001001101100001000000110100110000000000001100000000011101
0100010010101111000001000001110101000101100010000001010101010101
0000101010010001000000010000000000100000110011101101111100001000
1000010101001110000001010000101000101100010101100010010000010011
0011000100101010000000000000100111111110001110111100100010111010
0000000010100111111001011000010100000000110001111010011111000101
0000001111101011010000001000000001000000010111010001000010010000
0001000000100000100101011011100111100010001010001110000001011100
0001010010000000000100001111100000011000010000000001011111111101
1000010011101101100000001010010100000001001000101000001000100010
0010000000000000001100000100000010000001100001010100010100000101
0011000000000011000101100011000011000001100100001000000101000000
0000001001001011000000001010101111001000010000001010000000000000
1101000110010001000100010001100100000110000000000000010100000101
0010111100101100011010000000000000111101000000011101110000010101
0001100100000000001111000000001001011000111101110001101111000100
0010101100000010000000000000001000000000000110010000000000000000
1010100001100010000010000001100101101000000100000000101010010001
0001000010110000011110101011001001010100000000110110000000110000
0111101110101010010011101001100000001111001011101001010000000100
1010001110101011000010011000101110111111000010100110111000000010
1101011110011010110000001111010011010000000000001100000010000000
1111011000110001101000001000001010001000101000001110101111001010
0001110100000000010101001010100001000000000000001100010111111111
0100110111001100101000101010000001011110110000000101000011010000
0110010001011001001001000100000001110101000001000110010110000000
1100000001000010110010010001001100001000000000001101000011100000
1100110100000010100111010011000100000101010101111001100000110000
1010000000001000100010001001100000000000000000001000100000001000
0001000100010100000100010001011000100001101010000000000100110000
1100100000110010110110001001000000000101000110000000000000000000
0010000100000001000000001100001100100101010101000000001001001010
0000101000011100001011100100110000001010100000000000111000001000
0011100000100010011100000111100100100000010001000111010001010000
0000100100000000100111100000000000100110000000010010111000000000
1111111110100000111010111010100011111111001000001000000010100000
0000000000000000010100010011000000000100000000000111010100000100
1011001100110000000010010000000000110111000010110011001100000010
1110111011010000110010101010001011111010101100001011001010110000
1000000010100110101100011010000000000001000010010000100000000000
0100000001000000010101000101010000100000010000000000111001000100
0110010000000100111011100100100010111111111011101011001000000000
0010110000100011111111100011100000000000011001010111101000001000
0101010101010101110100001101010001000000000000000000100100000000
1111110011110000111111001111000000101000000000100010000000000010
1010100000100000111111110000101011000000001000101000110000000000
0011000011001110001010101000111000000001110011110000001000000010
1111100101000000101011111000000000100000100101000000000010000000
0101010011111101111011111110110101101101111110000111100011001000
0000000100000001010000011010000000000000010000000000000001100001
0000000000000001000001001000000000000000000010100011001100010011
0000001000010000000100000000000000000000000000000000000000000000
0000100000000000000000010100000000110000000000000101000001010000
1100011111110011000010001001001011001101100000111100110010000000
1100111000000000110011110000000000000100010000000010111001000011
1111111111010001111001101000101111010000001011000011000010000100
1101010100000000110011000000000011000000100100001101110100000010
0000000000000000010101010100010100100001000000000000010100000011
0000000000000000000000000000000000000100000000000010011000000000
0110101011101010000010001000101000000110111001100000001100111011
0001110011110011001111010110001101110000111110110111110101000001
1100110000000000000011000000000000000000000000000000000000000000
0000110000100100011000001111010000001100000011001100110111011100
1111111011101101111111100001111101111111111111111111111100111111
0000001000101100001001110010000001000010001010001000111000101000
0110000100000000000000000000000000000010100000000000010000000000
0000000011111111010111011111011100010101111111100111111111111111
1101110011001111110111001101011111011100010011111111100011001111
0000000000000000000010001000010000000010000000000000000000000000
0000000100000001010000010010000101000010111101010100010001111101
0000101100000000000100010000010101010101100000000101010001000000
1101111100000100111101110101000100000101000001000111001000010101
1101011101101111110111110111111111011111011111111111111111111111
1111111111111111111011111110110111111111111111111111111111111100
1011011111111111001100111111111100110011101111110011001111111111
1111111100000100111111110010111010001000000000000011000000100010
1011111100100000001110111101001111111101101010101011110110111011
0111110101010101111111111101111101111011011111111111100100101011