0000000000010001000100000111000010111000111111000011000001111100
1000111000101100001000100110111001000101110010001111111111101110
1100101110101000111110011010010000000011010011111111101111101011
0000010101011011110101010100011010001000100110011101110011011101
0011000110000010010101010011001101110000001000001111111100110011
0000011011111010111111011001010000000100000011101100111010000000
1000010100001011001100101110000000001001000000101000001010000000
0000000010101000101010100010100010001001101010000000101100000000
0010000000100000010000001010110001110110000000000111001001000100
1101110000000100110101010101000110000000010000000001000010110000
0010101110001110000000001001100011000100101010000000000001010000
0000000110001010000100100010100010011001111101000001000011101100
0000000001000010010001000110010100110001100110110110010001110011
1000000110111001000000001101000100001101000000101011000010000000
0000001100000101100101100000000010010101001110011100001011101100
0010001010100111011000111010001100110000001010000101011100011111
0011001000100011001100000111000000001111000000000100001001110000
1110000011100100101000111011000010101000101010001110001000101000
0101010111110111000000000000001000000101000010100000001010000000
0000000000010100000000000000000011000000000000001100000000000000
1100000100100011011000100010001001010100000000001111110100101000
0000010000000000111100000100000000000010000000010000000000000000
0010111000100000101000000000010000011000000110001101110010011100
1000110010101010000000000010100000000110001001110000000011101000
0101011100000000110111001111111100001010000111110000111100010001
1010100010001111100010100000000000001000010000110000111000000010
0011011100111110001010010101010100010011110100100101000111111111
1111111111010101110011110000011101000111010000010000010000010001
0000100010000100101011001001110000010000111000000010111000000000
1111111010001110101010100000101001100011000000011010011010000101