0000000010101111100010000010111110101100000001000100110010100100
0110101100100110001010000110001100001011000010010010001100000000
0101111101001001000000000001001101011111111001010001001011101101
0001001001010000100010111000100011101111111101011110101011101100
0100111001100101111011001110101101011111001011110010100001001111
0000011001100010110111011101111101010111000101010011000001010111
0100000111001100110100001100111100100000000000001111111110001000
1101001010010000100000101101101000001111101111111001101010111110
0001000110101000011000111100010010111000101111110000111111101110
0011111111011011001100111001000100001110000000001011001110100011
1100100000000000000001000000000011100001100000001111000111000000
0001101000001010100011101000101000101011110110100000000001000000
0000000100000011101000000010000000100100000011010011000000000100
0010000000100000000000000001000000100010000000100101010000110110
0100000000011010000010100100100011001110110010100100000010010000
1111111011100110100000001010001001111110010001001100001001000000
1100010111000010001001001111010000000110011100010000110000000000
1000100010010000010001010001010011111011011000111111111101000000
0000001001101010001110001110010000000000000000100000010100000000
1100110000100000010000000010000011001110011100000000000000010100
0010010000000111001010100100100000000100000101011111000001010100
0000000000000100000100010100000100000100000011101111001100000010
0010101011001010001100111000001000110011001100110011001100100011
0000000101100010101000001111101000000000000010010000110111101100
0110010000000100011000100000010001010001010101000001000011000100
1000111000001000000000000111000011111111000101010101000001010001
0000100100000000100110111000100010100000000001011110110101010101
0010000111000101100010001100001000010001000101111010100011100111
0000000001000100000000111100001000110001001101000001010111111000
1000000010101100110000001110111001000001111011011111111110111001
0000110000001111000000001000100000000000000010110000000001100000
0000101100001001010011011001110000001010000010000000010000001000
0101010001011000010100000010000011001110001000000010000000010000
1000100011011010000011010001100011010000010100000000010000100000
0010010110010001100001001000100000010010011011001110010111000000
1100100000000100000000011100110010100000000000100000000011001100
0000010001000010000000000001111111010111000000001000001000110010
1010111000101100001010100000100000000110000000000010111000100100
1111101010100101100001000000000010010000010100001101000000000000
0010001000010011000000000001110010101010100011000000000001010100
1101000001010010110001001011000011110000110100110011100100011010
1011001011110000101111001010010101100100010000001110111011011111
0111110101010101111111010101010001111111000000010000110000001101
1000101011011011111111111001111010001000110100000000110100110000
1111111011111111101100110101000101000000110110011001010010111111
1001110011001101111110011101000110100000110101011100110001000101
1100110001000100010111010010000111000011001010101110101101101010
1100110000101111000110110000100000001110100001101000011000010110
0000001010101100000000001111111000100011011000100111000001100100
0000011000111010010100000111000111111101001101111001000101111101